image_width: 640
image_height: 480
camera_name: logitech_arm
camera_matrix:
  rows: 3
  cols: 3
  data: [628.84851190761708, 0, 340.32042216773715, 0, 631.96686655806741, 234.22857773476295, 0, 0, 1]
distortion_model: plumb_bob
distortion_coefficients:
  rows: 1
  cols: 5
  data: [-0.09726427882532207, 0.23378098582677825, 0.0038758621204786287, 0.012611373556491876, 0]
rectification_matrix:
  rows: 3
  cols: 3
  data: [1, 0, 0, 0, 1, 0, 0, 0, 1]
projection_matrix:
  rows: 3
  cols: 4
  data: [627.8873291015625, 0, 345.7249755783705, 0, 0, 635.2977294921875, 235.36991251057771, 0, 0, 0, 1, 0]